200kb:

TADPole:
48 132
133 190
191 240


Catch
45	46
47	52
53	56
71	72
73	78
79	98
99	130
131	175
176	192
193	204
205	212
213	220
221	228
229	240
45	46
47	52
53	56
71	72
73	78
79	98
99	130
131	175
176	192
193	204
205	212
213	228
229	240

[[-0.18850073  0.62660961]]

my:
[[129, 138], [130, 137], [93, 132], [214, 240], [113, 123], [101, 103], [163, 166], [78, 97], [162, 170], [180, 188], [149, 171], [175, 179], [171, 175], [94, 97], [169, 175], [188, 192], [169, 192], [201, 203], [188, 195], [79, 87], [227, 240], [205, 213], [192, 199], [53, 56], [86, 93], [167, 205], [219, 232], [136, 160], [197, 203], [191, 216], [214, 216], [155, 156], [214, 222], [136, 152], [228, 232], [120, 145], [219, 227], [155, 163]]

supertad:
[[227, 240], [214, 226], [196, 213], [171, 195], [152, 170], [99, 151], [1, 98], [94, 98], [88, 93], [83, 87], [79, 82], [57, 78], [1, 56], [142, 151], [137, 141], [132, 136], [122, 131], [112, 121], [99, 111], [166, 170], [163, 165], [158, 162], [155, 157], [152, 154], [193, 195], [188, 192], [181, 187], [176, 180], [171, 175], [208, 213], [205, 207], [200, 204], [196, 199], [224, 226], [221, 223], [217, 220], [214, 216], [238, 240], [234, 237], [230, 233], [227, 229]]

lpad:

47	55
78	86
87	92
93	97
98	111
112	120
121	126
130	135
140	145
146	150
156	161
169	174
175	179
187	191
199	204
205	212


100kb:
netmod:
113 195
152 171
150 168
164 168
175 196
179 187
196 240
199 220
205 216
206 211
203 216
212 217
218 220
222 226
223 242
230 236
234 243
237 242
242 246
243 248
244 261
247 250
249 250
253 262
260 270
268 270
271 276
270 324
282 302
283 293
300 313
312 324
325 331
325 350
331 347
331 386
331 426
332 340
338 350
341 350
341 390
351 361
375 384
376 390
385 386
391 395
391 409
391 426
399 409
426 432
427 440
427 443
427 451
433 437
441 451
441 455
444 458
452 463
460 474
113 157
113 174
158 163
163 170
174 187
188 197
197 204
197 206
197 245
199 206
204 215
206 215
224 243
232 242
234 242
243 254
245 276
362 375
410 426
452 459
459 475
216 225

TADPole:
156 169
170 187
188 193
194 261
262 269
270 275
276 302
303 307
308 323
324 330
331 339
340 344
345 349
350 356
357 360
361 373
374 377
378 383
384 389
390 398
399 408
409 424
425 431
432 434
435 435
436 436
437 437
438 438
440 442
443 451
452 452
453 454
455 455
456 456
457 462
[[-1.          0.74991624]]

catch:
93	94
95	100
101	102
103	104
105	112
141	142
143	150
151	152
153	187
188	242
243	276
277	308
309	337
338	350
351	360
361	374
375	385
386	409
410	426
427	432
433	440
441	455
456	480
93	94
95	100
101	102
103	104
105	112
141	142
143	150
151	152
153	480
[-0.42028986  0.77705164]

my:
[[247, 278], [194, 199], [283, 289], [279, 282], [448, 463], [263, 272], [271, 276], [258, 262], [264, 267], [271, 272], [409, 409], [333, 391], [389, 405], [213, 254], [205, 249], [359, 364], [173, 196], [188, 196], [337, 358], [358, 376], [194, 196], [161, 192], [383, 391], [364, 364], [378, 409], [409, 414], [398, 409], [417, 421], [200, 241], [185, 190], [379, 382], [367, 376], [389, 391], [375, 385], [426, 436], [155, 184], [200, 224], [342, 347], [229, 240], [219, 223], [310, 326], [325, 340], [320, 340], [474, 477], [308, 337], [193, 224], [314, 317], [452, 481], [322, 322], [305, 308], [303, 313], [271, 304], [375, 464], [288, 292], [223, 295], [467, 474], [296, 303], [474, 481], [382, 471], [478, 481], [433, 443], [233, 300], [426, 427], [213, 220], [438, 452], [182, 201], [430, 436], [408, 427], [438, 439], [459, 463], [208, 209], [426, 443], [178, 181], [155, 172], [443, 446], [453, 457], [155, 174], [155, 157], [448, 452], [163, 170], [456, 463], [463, 463], [437, 458], [108, 112], [144, 149]]

supertad；
[[452, 481], [426, 451], [410, 425], [376, 409], [351, 375], [338, 350], [303, 337], [188, 302], [1, 187], [179, 187], [174, 178], [170, 173], [163, 169], [158, 162], [113, 157], [2, 112], [1, 1], [282, 302], [271, 281], [263, 270], [244, 262], [224, 243], [198, 223], [188, 197], [331, 337], [325, 330], [315, 324], [309, 314], [303, 308], [347, 350], [343, 346], [341, 342], [338, 340], [369, 375], [362, 368], [358, 361], [351, 357], [406, 409], [399, 405], [391, 398], [385, 390], [379, 384], [376, 378], [421, 425], [415, 420], [410, 414], [444, 451], [441, 443], [436, 440], [433, 435], [426, 432], [476, 481], [470, 475], [464, 469], [459, 463], [456, 458], [452, 455]]
lpad:
94	99
97	101
102	111
149	156
157	162
163	169
173	186
196	204
205	210
211	223
224	232
233	241
242	253
254	258
259	269
270	275
276	280
281	291
292	301
302	307
308	312
313	323
324	330
331	337
340	349
350	357
361	367
368	373
377	383
384	389
390	394
398	404
409	424
435	439
446	450
462	468
473	480
[[-0.04328778  0.54211747]]

tadfit:
94	100
94	111
101	111
104	111
104	301
143	301
143	313
143	330
143	336
143	339
170	360
174	373
187	383
272	457
282	474
282	480
302	480
314	480
331	480
337	480
340	480
475	480





TAD-adjR2
LPAD:
0.12640665650877536
0.27135135229037757
0.41268908130390662
0.24579322753409474
0.20640665650877536
0.1640665650877536
0.12640665650877536
0
0
0
0
0
0
0
catch:
0.15320524047752186
0.2238879885573956
0.43897132816932623
0.30925394226557972
0.26454264656604844
0.16827694868715548
0.05992125101183163
0
0
0
0
0
0
0
TADPole:
0.1916740366268762
0.28302614261074366
0.46505774200352374
0.29941428530101548
0.28333087756012192
0.19173552510167027
0
0
0
0
0
0
0
netmod:
0.23718207455880824
0.296735061651385
0.4598097760258781
0.31187723085492252
0.25065473608201147
0.22398282183271321
0.14509967192184472
0
0
0
0
0
0
0

supertad:
0.13640665650877536
0.21135135229037757
0.44268908130390662
0.22579322753409474
0.16640665650877536
0.1040665650877536
0.09640665650877536
0
0
0
0
0
0
0
tadfit:
0.1641
0.2793
0.4617
0.3756
0.2618
0.1458
0.0615
0
0
0
0
0
0
0
my:
0.20641
0.35793
0.4917
0.40756
0.30618
0.2458
0.1615
0.1032
0
0
0
0
0
0
overlapTAD个数实验
over; layer;total
Lpad:
0 0 37
tadfit:
10 13 22
supertad:
0 30 57
catch:
0 14 32
TADPole:
0 0 35
netmod:
31 57 81
my:
54 72 85